29.255 29.106 29.735 30.133 30.628 31.257 31.821 32.655 33.576 34.555 35.572 36.611 37.670 38.849 40.035 41.222 42.403 43.574 44.731 45.871 46.990 48.088 49.164 50.372
28.388 28.380 30.070 30.732 31.347 31.889 32.523 33.254 34.074 34.963 35.974 37.053 38.181 39.346 40.537 41.742 43.151 44.639 46.086 47.493 48.845 50.156 51.407 52.612
209.776 193.705 184.719 175.132 165.125 156.869 148.826 141.061 133.970 127.571 121.839 116.749 112.295 108.736 105.732 103.153 100.940 99.043 97.423 96.036 94.840 93.804 92.900 92.106
69.331 61.553 59.802 58.782 58.243 57.988 57.764 57.644 57.674 57.646 57.715 57.897 58.169 58.517 58.924 59.379 59.866 60.372 60.902 61.448 62.003 62.561 63.118 63.669
193.167 176.231 166.760 157.637 149.520 142.245 135.096 128.487 122.150 116.192 110.755 105.988 102.071 98.844 96.096 93.748 91.760 90.080 88.660 87.458 86.440 85.573 84.832 84.187
151.811 142.893 137.564 131.677 126.276 120.791 115.404 110.551 106.438 102.759 99.614 96.846 94.424 92.316 90.489 88.911 87.549 86.374 85.361 84.488 83.734 83.083 82.517 82.024
176.750 165.312 157.825 150.629 143.947 138.210 132.699 127.550 122.788 118.129 114.154 110.675 107.643 105.007 102.719 100.898 99.307 97.909 96.688 95.612 94.658 93.803 93.031 92.329
192.672 179.026 170.739 161.809 153.353 145.778 138.761 132.270 126.521 121.051 116.360 112.327 108.834 105.821 103.228 100.999 99.084 97.436 96.015 94.788 93.724 92.797 91.985 91.269
114.141 109.446 106.279 103.111 100.051 97.325 94.920 92.834 91.028 89.465 88.113 86.878 85.800 84.867 84.054 83.305 82.712 82.201 81.759 81.375 81.040 80.746 80.488 80.258
193.570 184.420 178.573 171.526 163.434 155.286 146.861 139.004 131.708 125.054 119.146 114.470 110.370 106.960 104.044 101.478 99.278 97.394 95.778 94.383 93.171 92.114 91.189 90.375
144.652 135.980 131.335 126.322 121.185 116.263 111.835 107.742 104.002 100.721 98.059 95.640 93.532 91.703 90.121 88.757 87.584 86.575 85.710 84.958 84.309 83.754 83.278 82.869
183.007 171.599 165.695 159.252 153.258 146.806 140.341 133.989 127.883 122.384 117.524 113.149 109.475 106.196 103.350 100.887 98.762 96.931 95.355 94.016 92.865 91.872 91.013 90.296
152.307 143.369 137.343 132.187 127.214 122.579 117.910 113.490 109.465 105.825 102.708 100.064 97.737 95.706 94.004 92.549 91.289 90.216 89.356 88.611 87.961 87.346 86.782 86.280
183.326 172.000 165.659 159.370 153.421 147.190 140.911 134.722 129.045 123.902 119.282 115.158 111.499 108.471 105.827 103.535 101.548 99.908 98.513 97.307 96.257 95.337 94.522 93.796
165.158 154.948 149.308 143.091 136.453 129.683 123.074 117.066 112.007 107.646 103.819 100.478 97.577 95.063 92.885 90.992 89.351 87.924 86.682 85.599 84.653 83.855 83.183 82.587
200.907 188.036 180.200 171.402 162.095 153.239 144.539 136.644 129.317 122.656 116.521 111.321 106.867 103.111 99.866 97.088 94.817 92.976 91.401 90.045 88.869 87.841 86.934 86.126
120.118 112.820 107.118 101.777 97.240 93.467 90.256 87.514 85.168 83.195 81.468 79.984 78.772 77.761 76.894 76.145 75.495 74.928 74.418 73.938 73.511 73.130 72.787 72.476
93.520 83.788 77.344 72.670 69.353 67.192 65.384 64.048 63.067 62.352 61.836 61.469 61.217 61.052 60.956 60.913 60.912 60.943 61.000 61.078 61.171 61.276 61.390 61.509
96.601 88.828 83.439 79.564 76.772 74.767 73.338 72.333 71.639 71.172 70.870 70.688 70.590 70.545 70.542 70.569 70.617 70.681 70.755 70.839 70.929 71.025 71.125 71.228
102.154 95.721 91.947 89.205 86.846 84.652 82.827 81.345 80.149 79.180 78.391 77.745 77.171 76.694 76.297 75.965 75.686 75.452 75.255 75.089 74.949 74.831 74.732 74.648
35.264 31.740 28.308 25.868 24.462 23.583 23.066 22.882 22.979 23.242 23.635 24.131 24.705 25.335 26.014 26.732 27.482 28.317 29.425 30.573 31.703 32.825 33.939 35.042
43.063 38.000 35.361 33.788 32.913 32.308 31.998 31.897 31.950 32.120 32.381 32.725 33.177 33.671 34.201 34.780 35.420 36.083 36.766 37.465 38.175 38.893 39.616 40.341
29.995 26.180 22.950 20.478 19.085 18.497 18.325 18.547 19.063 19.686 20.380 21.180 22.006 23.027 24.184 25.334 26.537 27.749 28.962 30.171 31.376 32.573 33.762 34.960
31.786 27.426 23.277 20.406 18.552 17.439 16.852 16.954 17.372 17.930 18.584 19.359 20.201 21.076 22.240 23.413 24.598 25.860 27.123 28.347 29.611 30.857 32.082 33.284
32.215 28.201 24.650 22.139 20.538 19.863 19.617 19.713 20.029 20.532 21.142 21.811 22.524 23.270 24.042 25.060 26.152 27.243 28.288 29.311 30.383 31.480 32.580 33.677
79.695 71.860 66.992 63.967 61.783 60.555 59.928 59.579 59.508 59.431 59.399 59.412 59.464 59.547 59.657 59.790 59.944 60.116 60.304 60.506 60.719 60.942 61.172 61.392
138.896 131.560 125.779 120.163 115.042 109.704 104.451 99.461 95.039 91.553 88.678 86.112 83.832 81.811 80.027 78.394 76.976 75.737 74.656 73.712 72.885 72.160 71.521 70.956
108.087 102.945 97.154 93.099 89.432 86.212 83.365 80.832 78.598 76.633 74.907 73.395 72.073 70.915 69.907 69.034 68.284 67.637 67.079 66.598 66.182 65.824 65.515 65.260
201.315 189.745 182.783 174.526 166.189 157.547 148.386 139.367 131.223 123.900 117.516 112.282 108.095 104.777 101.920 99.464 97.355 95.542 93.978 92.625 91.448 90.418 89.508 88.694
206.183 196.452 189.691 181.093 172.114 163.198 154.304 145.650 137.457 130.030 123.301 117.600 112.709 108.496 104.822 101.653 98.918 96.553 94.514 92.806 91.366 90.130 89.066 88.158
111.877 102.311 96.359 92.031 87.492 82.914 78.527 74.737 71.566 68.920 66.976 65.437 64.186 63.177 62.368 61.725 61.165 60.712 60.353 60.068 59.841 59.661 59.516 59.400
184.111 174.399 167.732 160.564 153.375 145.699 137.787 130.177 123.165 117.023 111.535 106.899 103.221 100.030 97.371 95.110 93.188 91.561 90.152 88.940 87.891 86.971 86.147 85.414
211.453 197.283 189.076 180.164 170.361 161.101 152.090 143.848 136.187 129.082 122.753 117.065 112.018 107.472 103.897 100.947 98.534 96.518 94.819 93.383 92.165 91.129 90.239 89.471
72.822 71.395 71.061 70.834 70.447 70.225 70.164 70.151 70.152 70.207 70.316 70.476 70.634 70.815 71.048 71.312 71.598 71.915 72.259 72.623 73.000 73.361 73.725 74.092
114.767 109.297 105.193 101.401 97.784 94.885 92.445 90.489 88.664 86.913 85.409 84.114 82.999 82.042 81.225 80.542 79.957 79.455 79.024 78.655 78.338 78.065 77.830 77.628
165.979 151.727 144.787 137.981 130.964 124.430 118.352 112.864 108.223 104.193 100.488 97.252 94.530 92.217 90.258 88.598 87.194 86.004 84.984 84.099 83.328 82.624 81.964 81.381
186.779 174.644 168.037 160.709 153.461 146.827 139.942 133.063 126.296 120.150 114.804 110.173 106.222 102.756 99.730 97.159 94.996 93.132 91.526 90.153 88.972 87.945 87.047 86.261
145.036 132.531 126.560 121.199 115.830 110.378 105.378 101.096 97.487 94.318 91.619 89.336 87.418 85.817 84.489 83.366 82.426 81.656 81.028 80.521 80.117 79.789 79.524 79.309
147.039 140.659 136.189 131.265 126.192 120.861 115.693 110.795 106.505 103.004 99.987 97.350 95.042 93.028 91.253 89.705 88.360 87.188 86.166 85.269 84.406 83.642 82.960 82.348
127.601 117.902 113.420 109.068 104.656 100.993 97.826 95.023 92.597 90.512 88.808 87.360 86.135 85.090 84.198 83.453 82.835 82.258 81.759 81.323 80.938 80.596 80.289 80.011
150.073 139.549 133.297 128.327 123.430 118.771 114.364 110.043 106.562 103.525 100.878 98.546 96.514 94.743 93.166 91.716 90.436 89.302 88.294 87.395 86.591 85.869 85.217 84.627
135.911 126.586 121.742 117.196 112.766 109.022 105.763 102.740 99.976 97.534 95.388 93.502 91.845 90.389 89.112 87.990 87.025 86.187 85.452 84.806 84.239 83.740 83.301 82.912
97.396 90.522 85.474 81.507 78.273 75.886 74.207 73.039 72.241 71.709 71.369 71.165 71.060 71.023 71.025 71.068 71.133 71.207 71.300 71.407 71.525 71.653 71.786 71.924
28.458 26.829 26.517 26.412 26.574 26.612 26.745 26.976 27.295 27.694 28.164 28.699 29.290 29.929 30.608 31.319 32.055 32.810 33.577 34.349 35.123 35.896 36.665 37.427
43.528 40.831 39.872 39.718 39.986 40.381 40.825 41.353 41.915 42.432 42.981 43.563 44.259 45.001 45.757 46.523 47.299 48.080 48.865 49.650 50.434 51.214 51.988 52.752
36.722 31.048 28.074 26.224 25.398 25.121 25.140 25.362 25.748 26.275 26.930 27.611 28.310 29.021 29.742 30.480 31.365 32.508 33.671 34.812 35.938 37.048 38.062 39.057
41.107 36.544 34.207 32.843 32.092 31.753 31.690 31.818 32.088 32.464 32.926 33.449 33.992 34.585 35.221 35.884 36.576 37.293 38.029 38.785 39.558 40.336 41.115 41.894
86.233 77.154 70.911 66.597 63.530 61.869 60.856 60.230 59.828 59.545 59.410 59.382 59.431 59.535 59.681 59.857 60.056 60.272 60.502 60.743 60.991 61.245 61.502 61.762
72.662 62.334 57.477 54.466 52.526 51.093 50.234 49.797 49.658 49.731 49.950 50.269 50.655 51.086 51.543 51.977 52.403 52.832 53.263 53.691 54.115 54.535 54.948 55.356
86.183 77.674 72.031 68.066 65.298 63.337 62.002 61.126 60.578 60.268 60.139 60.123 60.183 60.294 60.437 60.600 60.777 60.974 61.164 61.344 61.522 61.700 61.876 62.050
78.587 70.931 65.831 62.255 59.799 58.168 57.363 56.895 56.664 56.599 56.646 56.791 56.995 57.234 57.495 57.769 58.049 58.332 58.614 58.894 59.172 59.447 59.718 59.984
63.977 57.727 53.563 51.147 49.592 48.633 48.100 47.919 47.939 48.169 48.512 48.924 49.354 49.819 50.306 50.805 51.312 51.820 52.327 52.831 53.330 53.823 54.309 54.788
64.570 58.135 53.647 51.053 49.353 48.153 47.442 47.088 47.034 47.150 47.510 48.022 48.594 49.204 49.837 50.481 51.128 51.774 52.414 53.045 53.666 54.276 54.873 55.458
59.357 53.010 49.132 46.919 45.484 44.810 44.413 44.247 44.374 44.712 45.199 45.728 46.304 46.924 47.573 48.255 48.988 49.687 50.335 50.970 51.589 52.194 52.784 53.358
56.773 51.634 47.510 44.973 43.284 42.288 41.791 41.652 41.822 42.223 42.741 43.334 43.962 44.587 45.224 45.868 46.515 47.155 47.751 48.341 48.924 49.498 50.063 50.617
57.734 51.702 47.797 45.238 43.510 42.405 41.758 41.437 41.352 41.440 41.654 41.962 42.340 42.770 43.315 43.989 44.668 45.368 46.062 46.746 47.419 48.080 48.729 49.366
193.118 183.940 179.594 171.995 162.878 153.252 143.639 134.435 125.933 118.621 112.312 106.724 101.839 97.787 94.397 91.536 89.189 87.320 85.749 84.421 83.291 82.323 81.485 80.754
76.392 70.382 65.548 61.207 57.625 55.028 53.245 52.002 51.178 50.681 50.444 50.413 50.545 50.807 51.171 51.613 52.117 52.667 53.250 53.855 54.474 55.099 55.681 56.258
123.680 115.313 109.783 105.005 100.890 97.699 95.149 92.967 90.975 89.138 87.589 86.265 85.177 84.287 83.562 82.979 82.519 82.150 81.853 81.616 81.434 81.299 81.180 81.075
71.965 68.006 65.805 64.592 63.941 63.676 63.711 63.931 64.184 64.536 65.010 65.571 66.193 66.858 67.551 68.261 68.979 69.701 70.419 71.131 71.833 72.522 73.195 73.852
73.259 67.552 63.658 61.249 60.101 59.496 59.300 59.402 59.721 60.100 60.572 61.135 61.758 62.419 63.104 63.798 64.496 65.193 65.884 66.566 67.238 67.896 68.540 69.168
32.436 31.332 29.690 28.809 29.076 29.667 30.654 31.756 32.884 34.036 35.211 36.398 37.590 38.938 40.455 41.992 43.498 44.961 46.362 47.727 49.057 50.349 51.603 52.818
36.981 35.129 33.729 33.693 33.966 34.435 35.033 35.726 36.497 37.303 38.061 38.878 39.735 40.633 41.815 43.026 44.222 45.402 46.564 47.698 48.803 49.889 50.954 51.999
52.898 48.913 46.606 45.999 45.914 46.129 46.516 47.004 47.550 47.973 48.472 48.985 49.515 50.102 50.845 51.568 52.272 52.953 53.614 54.255 54.901 55.529 56.132 56.710
