10.000 16.000 10.000 8.000 10.000 12.000 14.000 11.000 11.000 12.000 13.000 12.000 10.000 9.000 9.000 10.000 9.000 9.000 9.000 9.000 18.000 17.000 19.000 16.000
22.000 23.000 48.620 48.620 14.000 36.000 49.000 55.000 58.000 55.000 47.000 53.000 69.000 79.000 96.000 100.000 95.000 95.000 97.000 100.000 93.000 85.000 90.000 89.000
82.000 74.000 76.000 54.000 56.000 61.000 69.000 60.000 60.000 63.000 64.000 55.000 63.000 58.000 53.000 46.000 35.000 35.000 26.000 20.000 25.000 22.000 27.000 20.000
20.000 26.000 24.000 24.000 20.000 21.000 23.000 23.000 24.000 19.000 21.000 30.000 31.000 33.000 37.000 44.000 47.000 62.000 78.000 95.000 92.000 96.000 92.000 103.000
114.000 131.000 128.000 124.000 116.000 98.000 110.000 128.000 132.000 94.000 51.000 47.000 52.000 50.000 42.000 42.000 34.000 27.000 23.000 16.000 23.000 27.000 26.000 25.000
26.000 28.000 28.000 21.000 22.000 19.000 24.000 23.000 22.000 21.000 17.000 22.000 31.000 30.000 32.000 26.000 26.000 26.000 25.000 28.000 32.000 33.000 30.000 38.000
41.000 43.000 41.000 41.000 39.000 36.000 35.000 30.000 32.000 32.000 34.000 35.000 33.000 34.000 35.000 36.000 35.000 32.000 35.000 36.000 37.000 40.000 41.000 45.000
50.000 57.000 55.000 49.000 41.000 40.000 29.000 28.000 35.000 39.000 57.000 65.000 45.000 39.000 38.000 44.000 42.000 36.000 23.000 26.000 24.000 30.000 34.000 30.000
34.000 37.000 48.620 48.620 38.000 33.000 36.000 40.000 42.000 46.000 47.000 49.000 50.000 56.000 62.000 62.000 62.000 61.000 62.000 65.000 68.000 68.000 67.000 73.000
72.000 60.000 61.000 64.000 81.000 82.000 72.000 58.000 63.000 59.000 59.000 63.000 61.000 65.000 74.000 57.000 54.000 47.000 42.000 43.000 40.000 38.000 39.000 37.000
37.000 31.000 25.000 21.000 22.000 23.000 28.000 32.000 37.000 48.000 51.000 51.000 57.000 83.000 64.000 60.000 59.000 56.000 55.000 50.000 43.000 41.000 42.000 47.000
67.000 78.000 117.000 143.000 104.000 83.000 66.000 52.000 32.000 25.000 30.000 34.000 37.000 37.000 36.000 33.000 36.000 36.000 40.000 37.000 32.000 25.000 26.000 40.000
55.000 72.000 99.000 122.000 100.000 88.000 112.000 121.000 125.000 125.000 132.000 130.000 145.000 168.000 168.000 172.000 173.000 173.000 177.000 168.000 161.000 159.000 153.000 145.000
132.000 128.000 131.000 143.000 144.000 142.000 148.000 150.000 149.000 151.000 147.000 142.000 136.000 135.000 129.000 124.000 117.000 112.000 115.000 108.000 98.000 99.000 97.000 106.000
107.000 105.000 103.000 100.000 98.000 106.000 109.000 88.000 82.000 78.000 71.000 71.000 73.000 76.000 76.000 80.000 94.000 101.000 110.000 118.000 121.000 118.000 149.000 163.000
159.000 158.000 159.000 146.000 145.000 158.000 194.000 225.000 226.000 216.000 216.000 214.000 217.000 222.000 231.000 229.000 222.000 206.000 123.000 99.000 110.000 107.000 108.000 92.000
79.000 92.000 94.000 90.000 92.000 84.000 104.000 115.000 115.000 107.000 100.000 97.000 96.000 95.000 91.000 89.000 105.000 106.000 98.000 83.000 71.000 64.000 62.000 60.000
59.000 55.000 53.000 48.000 44.000 45.000 49.000 42.000 40.000 41.000 50.000 40.000 24.000 19.000 23.000 26.000 26.000 27.000 31.000 32.000 36.000 37.000 35.000 43.000
37.000 41.000 46.000 43.000 36.000 38.000 37.000 29.000 21.000 35.000 47.000 57.000 64.000 63.000 66.000 79.000 111.000 149.000 179.000 188.000 202.000 192.000 134.000 120.000
100.000 77.000 59.000 45.000 40.000 41.000 38.000 31.000 26.000 28.000 29.000 29.000 30.000 28.000 30.000 31.000 31.000 29.000 39.000 33.000 25.000 29.000 28.000 27.000
26.000 30.000 29.000 32.000 32.000 18.000 17.000 16.000 15.000 17.000 19.000 20.000 18.000 18.000 17.000 19.000 24.000 25.000 21.000 18.000 18.000 21.000 19.000 25.000
22.000 14.000 15.000 48.620 15.000 16.000 15.000 13.000 12.000 12.000 11.000 10.000 13.000 9.000 13.000 8.000 13.000 17.000 26.000 19.000 24.000 19.000 18.000 20.000
30.000 25.000 17.000 18.000 16.000 17.000 16.000 15.000 9.000 11.000 15.000 16.000 15.000 17.000 19.000 16.000 12.000 17.000 23.000 22.000 22.000 19.000 22.000 23.000
25.000 24.000 26.000 24.000 23.000 24.000 23.000 29.000 29.000 27.000 22.000 24.000 26.000 25.000 21.000 20.000 19.000 27.000 30.000 29.000 26.000 23.000 18.000 23.000
28.000 31.000 27.000 27.000 28.000 30.000 30.000 42.000 50.000 60.000 66.000 72.000 77.000 74.000 74.000 83.000 82.000 90.000 99.000 110.000 114.000 113.000 128.000 138.000
146.000 154.000 139.000 129.000 103.000 89.000 81.000 81.000 96.000 105.000 119.000 122.000 130.000 135.000 134.000 137.000 149.000 162.000 171.000 177.000 173.000 168.000 176.000 182.000
186.000 197.000 196.000 177.000 160.000 167.000 167.000 171.000 161.000 143.000 138.000 146.000 167.000 181.000 195.000 207.000 212.000 217.000 230.000 239.000 240.000 244.000 238.000 243.000
242.000 251.000 238.000 216.000 208.000 207.000 194.000 196.000 181.000 212.000 216.000 186.000 170.000 167.000 172.000 184.000 201.000 202.000 197.000 184.000 172.000 173.000 178.000 184.000
196.000 205.000 206.000 183.000 148.000 139.000 126.000 113.000 102.000 139.000 150.000 145.000 145.000 141.000 140.000 135.000 136.000 145.000 145.000 158.000 160.000 153.000 146.000 162.000
165.000 167.000 48.620 165.000 143.000 144.000 142.000 103.000 100.000 112.000 98.000 104.000 105.000 78.000 60.000 58.000 58.000 56.000 49.000 45.000 40.000 34.000 29.000 29.000
37.000 34.000 32.000 31.000 36.000 36.000 39.000 40.000 45.000 40.000 42.000 40.000 35.000 33.000 27.000 32.000 34.000 41.000 44.000 43.000 44.000 49.000 53.000 65.000
66.000 64.000 57.000 47.000 54.000 55.000 55.000 49.000 42.000 47.000 48.000 57.000 48.000 42.000 42.000 44.000 46.000 48.000 49.000 50.000 53.000 56.000 69.000 73.000
75.000 70.000 65.000 63.000 63.000 61.000 63.000 63.000 65.000 64.000 66.000 73.000 75.000 66.000 61.000 60.000 64.000 73.000 80.000 73.000 60.000 50.000 47.000 31.000
24.000 31.000 31.000 38.000 42.000 32.000 20.000 28.000 33.000 25.000 26.000 32.000 37.000 38.000 30.000 29.000 34.000 30.000 26.000 29.000 28.000 31.000 35.000 35.000
28.000 22.000 21.000 24.000 26.000 30.000 39.000 51.000 65.000 76.000 76.000 77.000 73.000 73.000 77.000 91.000 94.000 97.000 118.000 129.000 128.000 122.000 118.000 125.000
129.000 137.000 131.000 118.000 109.000 106.000 99.000 94.000 89.000 93.000 96.000 117.000 117.000 97.000 90.000 90.000 88.000 88.000 87.000 86.000 81.000 76.000 85.000 90.000
90.000 48.620 79.000 79.000 76.000 77.000 81.000 85.000 86.000 103.000 105.000 109.000 111.000 109.000 111.000 110.000 112.000 115.000 114.000 108.000 117.000 172.000 153.000 86.000
62.000 64.000 80.000 102.000 87.000 60.000 46.000 32.000 26.000 27.000 25.000 27.000 29.000 30.000 27.000 24.000 29.000 29.000 26.000 27.000 23.000 22.000 27.000 35.000
35.000 36.000 42.000 49.000 51.000 52.000 57.000 61.000 71.000 80.000 74.000 74.000 73.000 70.000 66.000 55.000 49.000 39.000 35.000 33.000 29.000 31.000 29.000 26.000
23.000 22.000 28.000 35.000 43.000 45.000 33.000 21.000 24.000 29.000 22.000 24.000 25.000 22.000 25.000 27.000 23.000 27.000 27.000 30.000 33.000 34.000 42.000 50.000
48.620 48.620 28.000 38.000 33.000 34.000 30.000 30.000 31.000 37.000 41.000 36.000 35.000 36.000 40.000 40.000 39.000 37.000 38.000 34.000 38.000 37.000 45.000 47.000
47.000 56.000 54.000 51.000 56.000 61.000 56.000 58.000 59.000 62.000 65.000 60.000 59.000 56.000 57.000 52.000 64.000 70.000 55.000 63.000 61.000 61.000 65.000 57.000
44.000 35.000 40.000 48.000 46.000 37.000 38.000 35.000 28.000 26.000 21.000 22.000 19.000 18.000 18.000 31.000 30.000 27.000 21.000 17.000 15.000 19.000 22.000 13.000
19.000 20.000 26.000 25.000 24.000 25.000 35.000 38.000 41.000 55.000 56.000 72.000 99.000 103.000 85.000 80.000 87.000 88.000 91.000 94.000 89.000 84.000 103.000 79.000
42.000 36.000 33.000 38.000 42.000 47.000 53.000 60.000 55.000 52.000 59.000 65.000 51.000 29.000 19.000 14.000 14.000 15.000 14.000 14.000 15.000 19.000 25.000 31.000
29.000 37.000 38.000 39.000 32.000 36.000 27.000 22.000 26.000 17.000 13.000 10.000 12.000 14.000 15.000 13.000 13.000 11.000 8.000 13.000 13.000 11.000 19.000 27.000
22.000 16.000 19.000 17.000 7.000 6.000 15.000 24.000 46.000 53.000 56.000 53.000 48.000 51.000 53.000 60.000 67.000 61.000 69.000 68.000 61.000 57.000 61.000 59.000
61.000 62.000 58.000 58.000 49.000 38.000 52.000 43.000 32.000 26.000 25.000 27.000 22.000 28.000 29.000 34.000 30.000 34.000 32.000 30.000 31.000 35.000 40.000 45.000
44.000 42.000 45.000 55.000 59.000 55.000 57.000 47.000 41.000 38.000 41.000 42.000 41.000 50.000 52.000 49.000 44.000 43.000 41.000 38.000 39.000 42.000 43.000 42.000
40.000 48.000 56.000 59.000 60.000 60.000 64.000 66.000 71.000 73.000 69.000 70.000 73.000 71.000 66.000 60.000 62.000 58.000 52.000 52.000 47.000 45.000 46.000 46.000
45.000 44.000 40.000 34.000 22.000 19.000 24.000 36.000 41.000 53.000 52.000 55.000 59.000 61.000 57.000 56.000 58.000 54.000 55.000 55.000 50.000 47.000 46.000 31.000
32.000 33.000 24.000 20.000 22.000 30.000 39.000 42.000 45.000 46.000 48.000 45.000 48.000 40.000 37.000 32.000 32.000 28.000 27.000 32.000 40.000 49.000 53.000 55.000
51.000 47.000 42.000 47.000 51.000 47.000 46.000 49.000 48.000 52.000 47.000 40.000 35.000 34.000 34.000 40.000 46.000 44.000 44.000 42.000 40.000 41.000 36.000 41.000
50.000 59.000 56.000 53.000 52.000 55.000 45.000 46.000 49.000 59.000 64.000 60.000 49.000 51.000 47.000 41.000 45.000 47.000 47.000 45.000 41.000 49.000 50.000 48.000
47.000 43.000 41.000 32.000 35.000 37.000 39.000 42.000 50.000 44.000 38.000 35.000 32.000 33.000 29.000 31.000 34.000 39.000 31.000 27.000 28.000 36.000 45.000 41.000
23.000 22.000 23.000 29.000 27.000 30.000 48.620 31.000 38.000 35.000 39.000 44.000 46.000 44.000 43.000 49.000 49.000 54.000 55.000 52.000 49.000 51.000 64.000 79.000
102.000 135.000 148.000 145.000 124.000 98.000 87.000 80.000 78.000 49.000 46.000 41.000 29.000 27.000 27.000 26.000 28.000 17.000 20.000 11.000 16.000 21.000 26.000 24.000
24.000 48.620 48.620 18.000 20.000 23.000 21.000 24.000 27.000 26.000 24.000 26.000 28.000 27.000 27.000 28.000 30.000 29.000 23.000 18.000 13.000 21.000 24.000 27.000
29.000 35.000 48.000 54.000 67.000 62.000 58.000 54.000 48.000 63.000 54.000 44.000 24.000 20.000 20.000 19.000 21.000 17.000 19.000 30.000 34.000 36.000 37.000 24.000
23.000 29.000 37.000 39.000 46.000 53.000 52.000 56.000 61.000 55.000 58.000 43.000 69.000 48.000 22.000 16.000 14.000 12.000 18.000 13.000 8.000 9.000 9.000 11.000
27.000 34.000 34.000 32.000 29.000 27.000 21.000 17.000 18.000 19.000 26.000 22.000 24.000 24.000 19.000 19.000 20.000 17.000 18.000 19.000 13.000 17.000 17.000 14.000
17.000 20.000 19.000 17.000 19.000 21.000 17.000 11.000 16.000 16.000 16.000 21.000 18.000 28.000 28.000 25.000 25.000 23.000 24.000 34.000 33.000 31.000 25.000 26.000
22.000 19.000 19.000 19.000 31.000 21.000 25.000 21.000 27.000 22.000 23.000 18.000 14.000 12.000 19.000 21.000 22.000 25.000 23.000 27.000 27.000 29.000 31.000 32.000
37.000 36.000 39.000 41.000 55.000 76.000 104.000 116.000 122.000 123.000 109.000 93.000 89.000 85.000 86.000 80.000 61.000 45.000 45.000 51.000 42.000 40.000 42.000 38.000
